1.568123850517251 1.5306548809160612
1.461475763963671 1.500580348327141
1.4835136282224703 1.5514106967359191
1.5543813259455463 1.5227166988860028
1.500411764255987 1.5149375745830795
1.4917082728716158 1.5052277513611938
1.5302940389079438 1.5696349472022764
1.4684404456083928 1.5144337958625513
1.509689073481765 1.5408711217011788
1.461475763963671 1.5019243760982506
1.541833153362829 1.5872399972860147
1.541833153362829 1.5568162639079342
1.5833011204817002 1.5388184109363787
1.5302940389079438 1.568757456402389
1.6412892334189313 1.584251111048805
1.568123850517251 1.520188056686064
1.5543813259455463 1.5951233061522663
1.6669536071636695 1.588587267960651
1.6193553809787053 1.5432893887078143
1.541833153362829 1.5391515823317152
1.51961823788416 1.5672600800268892
1.600232597689706 1.5830881427314607
1.500411764255987 1.5418205228650437
1.51961823788416 1.5564282119243555
1.600232597689706 1.594532791233848
1.500411764255987 1.5232169525666333
1.6193553809787053 1.5685839537743158
1.6193553809787053 1.5631973698528105
1.6193553809787053 1.599446146295125
1.5543813259455463 1.5093592343858175
1.4684404456083928 1.5180280920337603
1.4917082728716158 1.5281556200468036
1.600232597689706 1.5609109884074466
1.568123850517251 1.5311387492588397
1.5833011204817002 1.5643093517004938
1.4485178672315617 1.5028568630291959
1.4757731685548776 1.504519631199914
1.4835136282224703 1.5518080316569838
1.6193553809787053 1.5747412901791105
1.541833153362829 1.5120637052072354
1.568123850517251 1.549236394204525
1.5302940389079438 1.5963564402973878
1.6193553809787053 1.5611650287946504
1.568123850517251 1.575711110347011
1.568123850517251 1.5675149188857584
1.51961823788416 1.5657020973769673
1.4757731685548776 1.5391014123774098
1.509689073481765 1.5207392546043081
1.6193553809787053 1.5751227640461802
1.4917082728716158 1.5334446213524222
1.51961823788416 1.533754312602847
1.568123850517251 1.5786439529558902
1.5543813259455463 1.5088926805381224
1.5302940389079438 1.575560933168638
1.500411764255987 1.5314687851253304
1.500411764255987 1.5138588620141116
1.6977952229361428 1.5954734289662986
1.6669536071636695 1.5827487680970798
1.5833011204817002 1.5933352155042533
1.5302940389079438 1.5597886634989175
1.600232597689706 1.5150643679203208
1.51961823788416 1.5160894420821946
1.5543813259455463 1.5856805323100558
1.5833011204817002 1.536600053810556
1.541833153362829 1.561082204048937
1.51961823788416 1.5043590556116626
1.600232597689706 1.5868791440896257
1.6412892334189313 1.5796235387752626
1.6412892334189313 1.5731132290611873
1.500411764255987 1.5313919319943763
1.541833153362829 1.5899221691296448
1.600232597689706 1.5743838037234688
1.541833153362829 1.544191777310062
1.4684404456083928 1.5001506627748562
1.5302940389079438 1.557758737338467
1.4835136282224703 1.5294637795822923
1.51961823788416 1.5078866051931177
1.6669536071636695 1.5295428088928165
1.6193553809787053 1.567083827211417
1.509689073481765 1.5895870263540661
1.541833153362829 1.5706288783839149
1.5543813259455463 1.5841316248742023
1.500411764255987 1.5182119260462228
1.568123850517251 1.5689311352330433
1.51961823788416 1.5441634544354197
1.4917082728716158 1.53481135999018
1.5543813259455463 1.5019978774611922
1.4684404456083928 1.5414395288745137
1.568123850517251 1.5118389101037992
1.4757731685548776 1.5206806890206517
1.5543813259455463 1.549951131216299
1.509689073481765 1.5440943353222845
1.541833153362829 1.5624689641558749
1.600232597689706 1.5897464996492436
1.5543813259455463 1.5781171699132552
1.5833011204817002 1.5485087739830334
1.6193553809787053 1.5664407605420485
1.5833011204817002 1.5893567553418877
1.541833153362829 1.5341432948581482
1.568123850517251 1.5119045839218404
